image: test.pgm
resolution: 0.050000
origin: [-6.359052, -4.745043, 0.000000]
negate: 0
occupied_thresh: 0.65
free_thresh: 0.196

